Persistent Homology Analysis Results
Song: san_juanito_de_mi_tierra_100-7500hz_midi_1990hz
Genre: sanjuanito
==================================================

Intervallic Transition Matrix (ITM):
  Non-zero entries: 62 / 144
  ITM entropy (Shannon): 3.108900

H0:
  n_bars: 74
  n_finite: 73
  n_infinite: 1
  persistent_mean: 17072.270776
  persistent_std: 85274.031999
  persistent_entropy: 1.671046

H1:
  n_bars: 23
  n_finite: 23
  n_infinite: 0
  persistent_mean: 672.4344
  persistent_std: 2542.475328
  persistent_entropy: 0.971351


Raw Persistence Diagrams:
--------------------------------------------------
H0 (74 bars):
  [0.000000, 5.501903)
  [0.000000, 17.760656)
  [0.000000, 20.425762)
  [0.000000, 26.074442)
  [0.000000, 26.074442)
  [0.000000, 29.158978)
  [0.000000, 29.322350)
  [0.000000, 29.322350)
  [0.000000, 30.489368)
  [0.000000, 31.465052)
  [0.000000, 38.182220)
  [0.000000, 38.182220)
  [0.000000, 40.848808)
  [0.000000, 43.132027)
  [0.000000, 73.950012)
  [0.000000, 73.950012)
  [0.000000, 83.652237)
  [0.000000, 83.843590)
  [0.000000, 95.801086)
  [0.000000, 101.006058)
  [0.000000, 104.706932)
  [0.000000, 109.476387)
  [0.000000, 133.343613)
  [0.000000, 209.871307)
  [0.000000, 209.871307)
  [0.000000, 251.361984)
  [0.000000, 263.758148)
  [0.000000, 269.986206)
  [0.000000, 303.867126)
  [0.000000, 311.697388)
  [0.000000, 311.697388)
  [0.000000, 311.896301)
  [0.000000, 353.585571)
  [0.000000, 369.883148)
  [0.000000, 389.398285)
  [0.000000, 514.019287)
  [0.000000, 585.066467)
  [0.000000, 585.066467)
  [0.000000, 617.428650)
  [0.000000, 656.927551)
  [0.000000, 698.330750)
  [0.000000, 732.227234)
  [0.000000, 905.240723)
  [0.000000, 944.891602)
  [0.000000, 957.000549)
  [0.000000, 981.432739)
  [0.000000, 1057.782593)
  [0.000000, 1071.279053)
  [0.000000, 1087.967529)
  [0.000000, 1142.473145)
  [0.000000, 1177.256714)
  [0.000000, 1248.365479)
  [0.000000, 1275.888672)
  [0.000000, 1643.627075)
  [0.000000, 2085.122070)
  [0.000000, 2085.122070)
  [0.000000, 2990.974609)
  [0.000000, 4303.927734)
  [0.000000, 5376.925293)
  [0.000000, 6020.627441)
  [0.000000, 6867.488281)
  [0.000000, 7379.580078)
  [0.000000, 7646.040527)
  [0.000000, 9535.804688)
  [0.000000, 13895.208008)
  [0.000000, 14969.308594)
  [0.000000, 15801.817383)
  [0.000000, 15801.817383)
  [0.000000, 19022.570312)
  [0.000000, 20608.431641)
  [0.000000, 20750.558594)
  [0.000000, 524214.812500)
  [0.000000, 524214.812500)
  [0.000000, inf)

H1 (23 bars):
  [19022.570312, 31603.634766)
  [1177.256714, 1235.901489)
  [1071.279053, 1170.132935)
  [981.432739, 1170.132935)
  [957.000549, 1170.132935)
  [732.227234, 1170.132935)
  [698.330750, 724.405212)
  [656.927551, 1170.132935)
  [389.398285, 493.692627)
  [369.883148, 637.941711)
  [353.585571, 493.692627)
  [311.896301, 623.394775)
  [251.361984, 419.742615)
  [133.343613, 186.082245)
  [109.476387, 147.900024)
  [104.706932, 178.656937)
  [101.006058, 127.080498)
  [95.801086, 121.875526)
  [83.843590, 109.918030)
  [83.652237, 109.726677)
  [40.848808, 76.364441)
  [30.489368, 58.644699)
  [29.158978, 52.148884)

