Persistent Homology Analysis Results
Song: purimuy_100-7500hz_midi_1990hz
Genre: sanjuanito
==================================================

Intervallic Transition Matrix (ITM):
  Non-zero entries: 51 / 144
  ITM entropy (Shannon): 2.903960

H0:
  n_bars: 63
  n_finite: 62
  n_infinite: 1
  persistent_mean: 29302.669123
  persistent_std: 102985.667794
  persistent_entropy: 1.902438

H1:
  n_bars: 18
  n_finite: 18
  n_infinite: 0
  persistent_mean: 192.663194
  persistent_std: 406.483531
  persistent_entropy: 1.898798


Raw Persistence Diagrams:
--------------------------------------------------
H0 (63 bars):
  [0.000000, 6.770054)
  [0.000000, 7.646123)
  [0.000000, 16.648661)
  [0.000000, 16.648661)
  [0.000000, 16.769718)
  [0.000000, 32.854424)
  [0.000000, 35.438660)
  [0.000000, 35.438660)
  [0.000000, 37.865669)
  [0.000000, 38.646839)
  [0.000000, 49.073738)
  [0.000000, 51.551334)
  [0.000000, 64.934799)
  [0.000000, 64.934799)
  [0.000000, 83.395164)
  [0.000000, 93.210876)
  [0.000000, 103.819740)
  [0.000000, 103.819740)
  [0.000000, 107.799202)
  [0.000000, 110.405563)
  [0.000000, 196.148117)
  [0.000000, 196.148117)
  [0.000000, 209.906052)
  [0.000000, 261.183319)
  [0.000000, 265.100891)
  [0.000000, 265.100891)
  [0.000000, 268.109589)
  [0.000000, 309.339539)
  [0.000000, 319.116058)
  [0.000000, 323.702484)
  [0.000000, 359.996063)
  [0.000000, 394.491577)
  [0.000000, 410.906006)
  [0.000000, 414.764557)
  [0.000000, 425.807037)
  [0.000000, 440.137848)
  [0.000000, 450.803680)
  [0.000000, 466.313110)
  [0.000000, 517.822205)
  [0.000000, 609.291931)
  [0.000000, 637.807861)
  [0.000000, 1099.712769)
  [0.000000, 1218.245728)
  [0.000000, 1437.588501)
  [0.000000, 2085.580811)
  [0.000000, 2799.197510)
  [0.000000, 2799.197510)
  [0.000000, 2899.822510)
  [0.000000, 3353.976318)
  [0.000000, 3752.356445)
  [0.000000, 5173.149414)
  [0.000000, 5745.876465)
  [0.000000, 9184.082031)
  [0.000000, 10343.303711)
  [0.000000, 13481.960938)
  [0.000000, 16226.791016)
  [0.000000, 20222.941406)
  [0.000000, 21883.033203)
  [0.000000, 421059.750000)
  [0.000000, 421059.750000)
  [0.000000, 421059.750000)
  [0.000000, 421059.750000)
  [0.000000, inf)

H1 (18 bars):
  [3752.356445, 5598.395020)
  [517.822205, 618.679077)
  [450.803680, 486.242340)
  [440.137848, 530.201782)
  [425.807037, 530.201782)
  [414.764557, 594.509155)
  [410.906006, 530.201782)
  [359.996063, 392.296234)
  [319.116058, 419.812103)
  [309.339539, 574.440430)
  [268.109589, 419.812103)
  [209.906052, 406.054169)
  [110.405563, 207.639481)
  [83.395164, 129.869598)
  [51.551334, 70.877319)
  [38.646839, 71.944160)
  [37.865669, 71.162994)
  [16.769718, 33.297321)

