Persistent Homology Analysis Results
Song: ecuador_manta_san_juanito_100-7500hz_midi_1990hz
Genre: sanjuanito
==================================================

Intervallic Transition Matrix (ITM):
  Non-zero entries: 56 / 144
  ITM entropy (Shannon): 2.958347

H0:
  n_bars: 68
  n_finite: 67
  n_infinite: 1
  persistent_mean: 16941.166126
  persistent_std: 81160.619158
  persistent_entropy: 1.657981

H1:
  n_bars: 20
  n_finite: 20
  n_infinite: 0
  persistent_mean: 887.066575
  persistent_std: 2724.198059
  persistent_entropy: 1.076013


Raw Persistence Diagrams:
--------------------------------------------------
H0 (68 bars):
  [0.000000, 4.824201)
  [0.000000, 15.803219)
  [0.000000, 20.244640)
  [0.000000, 22.410311)
  [0.000000, 22.410311)
  [0.000000, 23.209551)
  [0.000000, 23.209551)
  [0.000000, 25.566399)
  [0.000000, 30.050116)
  [0.000000, 37.120918)
  [0.000000, 42.163105)
  [0.000000, 55.724178)
  [0.000000, 71.306305)
  [0.000000, 71.306305)
  [0.000000, 85.818726)
  [0.000000, 87.238235)
  [0.000000, 118.670013)
  [0.000000, 118.670013)
  [0.000000, 128.510071)
  [0.000000, 135.204330)
  [0.000000, 189.825760)
  [0.000000, 207.559753)
  [0.000000, 207.559753)
  [0.000000, 221.347534)
  [0.000000, 239.742050)
  [0.000000, 239.742050)
  [0.000000, 256.473450)
  [0.000000, 261.832642)
  [0.000000, 270.317871)
  [0.000000, 273.430786)
  [0.000000, 298.758362)
  [0.000000, 308.843079)
  [0.000000, 345.019745)
  [0.000000, 352.671967)
  [0.000000, 368.914825)
  [0.000000, 370.708893)
  [0.000000, 392.363556)
  [0.000000, 394.858765)
  [0.000000, 474.688995)
  [0.000000, 478.500244)
  [0.000000, 683.705688)
  [0.000000, 748.490723)
  [0.000000, 779.557983)
  [0.000000, 795.862671)
  [0.000000, 923.294312)
  [0.000000, 1735.924072)
  [0.000000, 1773.903809)
  [0.000000, 1867.703735)
  [0.000000, 3465.592285)
  [0.000000, 3696.750977)
  [0.000000, 3853.558350)
  [0.000000, 3853.558350)
  [0.000000, 3966.964355)
  [0.000000, 5051.718750)
  [0.000000, 5051.718750)
  [0.000000, 8345.183594)
  [0.000000, 8552.717773)
  [0.000000, 8824.867188)
  [0.000000, 9851.515625)
  [0.000000, 13249.403320)
  [0.000000, 13249.403320)
  [0.000000, 14254.530273)
  [0.000000, 17039.138672)
  [0.000000, 17156.650391)
  [0.000000, 21381.794922)
  [0.000000, 478806.000000)
  [0.000000, 478806.000000)
  [0.000000, inf)

H1 (20 bars):
  [14254.530273, 26498.806641)
  [9851.515625, 10103.437500)
  [3966.964355, 7707.116699)
  [748.490723, 941.022705)
  [394.858765, 437.529816)
  [392.363556, 479.484100)
  [370.708893, 479.484100)
  [368.914825, 479.484100)
  [352.671967, 479.484100)
  [298.758362, 415.119507)
  [273.430786, 415.119507)
  [270.317871, 479.484100)
  [221.347534, 274.460938)
  [189.825760, 259.750336)
  [128.510071, 237.340027)
  [87.238235, 142.612610)
  [42.163105, 65.372658)
  [37.120918, 60.330467)
  [30.050116, 44.820621)
  [25.566399, 46.419102)

