Persistent Homology Analysis Results
Song: nuca_llacta_100-7500hz_midi_1990hz
Genre: sanjuanito
==================================================

Intervallic Transition Matrix (ITM):
  Non-zero entries: 61 / 144
  ITM entropy (Shannon): 3.169445

H0:
  n_bars: 73
  n_finite: 72
  n_infinite: 1
  persistent_mean: 325872.144106
  persistent_std: 2490150.773288
  persistent_entropy: 0.881661

H1:
  n_bars: 17
  n_finite: 17
  n_infinite: 0
  persistent_mean: 156.862375
  persistent_std: 241.720342
  persistent_entropy: 2.079465


Raw Persistence Diagrams:
--------------------------------------------------
H0 (73 bars):
  [0.000000, 8.183230)
  [0.000000, 13.117669)
  [0.000000, 21.247608)
  [0.000000, 21.247608)
  [0.000000, 22.178926)
  [0.000000, 25.421955)
  [0.000000, 27.332891)
  [0.000000, 27.332891)
  [0.000000, 28.209589)
  [0.000000, 38.116364)
  [0.000000, 40.410839)
  [0.000000, 45.204498)
  [0.000000, 48.411465)
  [0.000000, 65.075882)
  [0.000000, 65.075882)
  [0.000000, 68.386108)
  [0.000000, 104.314316)
  [0.000000, 104.314316)
  [0.000000, 118.613640)
  [0.000000, 118.613640)
  [0.000000, 119.548111)
  [0.000000, 139.435486)
  [0.000000, 139.435486)
  [0.000000, 144.178833)
  [0.000000, 148.843353)
  [0.000000, 157.356979)
  [0.000000, 166.917496)
  [0.000000, 182.574203)
  [0.000000, 183.114227)
  [0.000000, 202.086914)
  [0.000000, 202.086914)
  [0.000000, 228.530792)
  [0.000000, 285.726349)
  [0.000000, 290.830536)
  [0.000000, 317.423553)
  [0.000000, 319.610992)
  [0.000000, 417.222137)
  [0.000000, 431.495880)
  [0.000000, 450.611298)
  [0.000000, 582.928833)
  [0.000000, 629.938965)
  [0.000000, 693.307739)
  [0.000000, 710.646729)
  [0.000000, 781.142822)
  [0.000000, 781.276917)
  [0.000000, 899.048828)
  [0.000000, 931.145508)
  [0.000000, 948.596924)
  [0.000000, 956.311768)
  [0.000000, 1118.235229)
  [0.000000, 1171.508667)
  [0.000000, 1555.364014)
  [0.000000, 1604.076294)
  [0.000000, 1730.310547)
  [0.000000, 3351.043213)
  [0.000000, 3684.123047)
  [0.000000, 3684.123047)
  [0.000000, 5442.663574)
  [0.000000, 5490.096680)
  [0.000000, 6059.783691)
  [0.000000, 6391.456055)
  [0.000000, 6543.858887)
  [0.000000, 8150.174316)
  [0.000000, 8150.174316)
  [0.000000, 8888.118164)
  [0.000000, 8888.118164)
  [0.000000, 10389.763672)
  [0.000000, 14585.629883)
  [0.000000, 16980.285156)
  [0.000000, 16980.285156)
  [0.000000, 2102745.000000)
  [0.000000, 21205758.000000)
  [0.000000, inf)

H1 (17 bars):
  [16980.285156, 17776.236328)
  [6543.858887, 7368.246094)
  [319.610992, 404.173828)
  [290.830536, 395.144867)
  [285.726349, 350.802246)
  [228.530792, 239.096222)
  [182.574203, 237.227280)
  [166.917496, 297.069275)
  [157.356979, 278.870972)
  [148.843353, 278.995117)
  [144.178833, 208.628632)
  [119.548111, 237.227280)
  [68.386108, 130.151764)
  [40.410839, 67.743729)
  [38.116364, 65.449257)
  [28.209589, 54.665783)
  [22.178926, 42.495216)

